; ElecbyteSpr 0.1.0.1
; 56 groups
; 264 images
;
; Options
#
; Palette
1
; Shared palette
2
; End of options
;
; Output file
kfm.sff
; Individual palette
#
1
1
0900000000.pcx
9000
0
0
0
; Individual palette
#
1
1
0900000001.pcx
9000
1
0
0
0000000000.pcx
0
0
18
105
0000000001.pcx
0
1
18
104
0000000002.pcx
0
2
18
104
0000000003.pcx
0
3
18
104
0000000004.pcx
0
4
18
104
0000000005.pcx
0
5
18
104
0000500000.pcx
5
0
16
105
0000600000.pcx
6
0
19
73
0001100000.pcx
11
0
17
91
0001100001.pcx
11
1
17
79
0001100002.pcx
11
2
18
73
0002000000.pcx
20
0
22
110
0002000001.pcx
20
1
17
111
0002000002.pcx
20
2
17
111
0002000003.pcx
20
3
17
110
0002000004.pcx
20
4
17
109
0002000005.pcx
20
5
20
107
0002000006.pcx
20
6
22
106
0002000007.pcx
20
7
22
108
0002000008.pcx
20
8
22
110
0002000009.pcx
20
9
17
111
0002000010.pcx
20
10
17
111
0002000011.pcx
20
11
17
110
0002000012.pcx
20
12
17
109
0002000013.pcx
20
13
20
107
0002000014.pcx
20
14
22
106
0002000015.pcx
20
15
22
108
0002100000.pcx
21
0
22
110
0002100001.pcx
21
1
17
111
0002100002.pcx
21
2
17
111
0002100003.pcx
21
3
17
110
0002100004.pcx
21
4
17
109
0002100005.pcx
21
5
20
107
0002100006.pcx
21
6
22
106
0002100007.pcx
21
7
22
108
0002100008.pcx
21
8
22
110
0002100009.pcx
21
9
17
111
0002100010.pcx
21
10
17
111
0002100011.pcx
21
11
17
110
0002100012.pcx
21
12
17
109
0002100013.pcx
21
13
20
107
0002100014.pcx
21
14
22
106
0002100015.pcx
21
15
22
108
0004100000.pcx
41
0
18
117
0004100001.pcx
41
1
17
110
0004100002.pcx
41
2
17
102
0004100003.pcx
41
3
17
95
0004100004.pcx
41
4
16
93
0004100005.pcx
41
5
17
102
0004100006.pcx
41
6
17
110
0004100007.pcx
41
7
17
116
0004100008.pcx
41
8
17
116
0004200000.pcx
42
0
21
116
0004200001.pcx
42
1
20
109
0004200002.pcx
42
2
18
90
0004200003.pcx
42
3
27
77
0004200004.pcx
42
4
19
85
0004200005.pcx
42
5
31
79
0004300000.pcx
43
0
18
116
0004300001.pcx
43
1
17
110
0010000000.pcx
100
0
38
99
0010000001.pcx
100
1
55
101
0010000002.pcx
100
2
36
106
0010000003.pcx
100
3
37
99
0010000004.pcx
100
4
55
101
0010000005.pcx
100
5
33
106
0018100000.pcx
181
0
16
108
0018100001.pcx
181
1
12
113
0018100002.pcx
181
2
13
113
0018100003.pcx
181
3
12
112
0018100004.pcx
181
4
13
104
0018100005.pcx
181
5
13
89
0018100006.pcx
181
6
13
85
0019100000.pcx
191
0
14
13
0019100001.pcx
191
1
18
8
0019100002.pcx
191
2
14
12
0019100003.pcx
191
3
8
18
0019200000.pcx
192
0
17
14
0019200001.pcx
192
1
15
16
0012000000.pcx
120
0
22
104
0012000001.pcx
120
1
26
104
0012000002.pcx
120
2
30
104
0012100000.pcx
121
0
19
72
0012200000.pcx
122
0
16
100
0500000000.pcx
5000
0
23
105
0500100000.pcx
5001
0
20
50
0500200000.pcx
5002
0
16
20
0500000010.pcx
5000
10
31
104
0500100010.pcx
5001
10
27
50
0500200010.pcx
5002
10
15
20
0500000011.pcx
5000
11
38
94
0500000020.pcx
5000
20
53
88
0500100020.pcx
5001
20
40
34
0500200020.pcx
5002
20
18
17
0500000021.pcx
5000
21
53
89
0501000000.pcx
5010
0
31
96
0501100000.pcx
5011
0
15
43
0501200000.pcx
5012
0
24
18
0501000010.pcx
5010
10
34
87
0501100010.pcx
5011
10
17
39
0501200010.pcx
5012
10
28
16
0501000020.pcx
5010
20
35
80
0501100020.pcx
5011
20
15
31
0501200020.pcx
5012
20
30
14
0501000021.pcx
5010
21
35
81
0502000000.pcx
5020
0
20
74
0502000010.pcx
5020
10
28
72
0502000020.pcx
5020
20
39
60
0503000000.pcx
5030
0
38
107
0503100000.pcx
5031
0
38
44
0503200000.pcx
5032
0
17
16
0503000010.pcx
5030
10
49
98
0503100010.pcx
5031
10
48
37
0503200010.pcx
5032
10
19
20
0503000020.pcx
5030
20
49
80
0503100020.pcx
5031
20
44
37
0503200020.pcx
5032
20
18
29
0503000030.pcx
5030
30
58
90
0503100030.pcx
5031
30
52
34
0503200030.pcx
5032
30
20
40
0503000031.pcx
5030
31
58
90
0503000040.pcx
5030
40
47
103
0503100040.pcx
5031
40
43
42
0503200040.pcx
5032
40
18
62
0503000050.pcx
5030
50
35
120
0503100050.pcx
5031
50
33
58
0503200050.pcx
5032
50
15
88
0504000000.pcx
5040
0
49
45
0504100000.pcx
5041
0
44
37
0504200000.pcx
5042
0
18
29
0504000001.pcx
5040
1
49
63
0504000010.pcx
5040
10
50
33
0504100010.pcx
5041
10
51
22
0504200010.pcx
5042
10
19
30
0504000011.pcx
5040
11
18
67
0504000020.pcx
5040
20
49
55
0504100020.pcx
5041
20
44
45
0504200020.pcx
5042
20
17
39
0506000000.pcx
5060
0
23
107
0506100000.pcx
5061
0
25
40
0506200000.pcx
5062
0
20
7
0506000001.pcx
5060
1
23
107
0506000010.pcx
5060
10
19
113
0506100010.pcx
5061
10
13
63
0506200010.pcx
5062
10
11
95
0507000000.pcx
5070
0
41
115
0507100000.pcx
5071
0
42
47
0507200000.pcx
5072
0
57
20
0507000010.pcx
5070
10
58
105
0507100010.pcx
5071
10
56
39
0507200010.pcx
5072
10
78
19
0507000020.pcx
5070
20
60
92
0507100020.pcx
5071
20
60
18
0507200020.pcx
5072
20
91
12
0530000000.pcx
5300
0
31
82
0530000001.pcx
5300
1
31
81
0530000002.pcx
5300
2
31
79
0530000003.pcx
5300
3
31
78
0020000000.pcx
200
0
16
105
0020000001.pcx
200
1
14
105
0020000002.pcx
200
2
14
105
0021000000.pcx
210
0
11
100
0021000001.pcx
210
1
7
97
0021000002.pcx
210
2
6
101
0021000003.pcx
210
3
13
103
0021000004.pcx
210
4
13
103
0021000005.pcx
210
5
14
104
0023000000.pcx
230
0
18
108
0023000001.pcx
230
1
11
106
0023000002.pcx
230
2
11
107
0024000000.pcx
240
0
21
106
0024000001.pcx
240
1
19
106
0024000002.pcx
240
2
26
104
0024000003.pcx
240
3
22
104
0024000004.pcx
240
4
14
104
0024000005.pcx
240
5
6
104
0040000000.pcx
400
0
19
73
0040000001.pcx
400
1
18
73
0041000000.pcx
410
0
12
83
0041000001.pcx
410
1
12
83
0041000002.pcx
410
2
12
84
0041000003.pcx
410
3
11
94
0041000004.pcx
410
4
12
88
0043000000.pcx
430
0
20
72
0043000001.pcx
430
1
28
64
0043000002.pcx
430
2
32
60
0043000003.pcx
430
3
31
60
0044000000.pcx
440
0
14
71
0044000001.pcx
440
1
19
62
0044000002.pcx
440
2
11
62
0044000003.pcx
440
3
22
65
0044000004.pcx
440
4
18
65
0044000005.pcx
440
5
14
64
0044000006.pcx
440
6
19
63
0060000000.pcx
600
0
19
97
0060000001.pcx
600
1
17
97
0061000000.pcx
610
0
30
102
0061000001.pcx
610
1
12
98
0061000002.pcx
610
2
17
94
0061000003.pcx
610
3
13
97
0063000001.pcx
630
1
27
97
0063000002.pcx
630
2
25
97
0064000000.pcx
640
0
19
99
0064000001.pcx
640
1
30
97
0064000002.pcx
640
2
28
97
0080000000.pcx
800
0
14
103
0080000001.pcx
800
1
14
97
0080000002.pcx
800
2
13
92
0080000003.pcx
800
3
13
88
0080000004.pcx
800
4
15
90
0080000005.pcx
800
5
12
104
0080000006.pcx
800
6
12
100
0080000007.pcx
800
7
15
100
0080000008.pcx
800
8
24
95
0080000009.pcx
800
9
29
111
0080000010.pcx
800
10
49
88
0080000011.pcx
800
11
39
86
0080000012.pcx
800
12
37
86
0100000000.pcx
1000
0
39
94
0100000001.pcx
1000
1
49
89
0100000002.pcx
1000
2
49
89
0100000003.pcx
1000
3
54
83
0100000004.pcx
1000
4
54
83
0100000005.pcx
1000
5
54
83
0100000006.pcx
1000
6
54
83
0105000000.pcx
1050
0
41
91
0105000001.pcx
1050
1
32
100
0105000002.pcx
1050
2
24
114
0105000003.pcx
1050
3
27
115
0105000004.pcx
1050
4
27
115
0105000005.pcx
1050
5
23
113
0105000006.pcx
1050
6
18
113
0105000007.pcx
1050
7
16
115
0105200000.pcx
1052
0
19
99
0105200001.pcx
1052
1
15
85
0105200002.pcx
1052
2
15
91
0105200003.pcx
1052
3
18
106
0105500000.pcx
1055
0
36
107
0105500001.pcx
1055
1
29
108
0105500002.pcx
1055
2
26
109
0105500003.pcx
1055
3
20
118
0105500004.pcx
1055
4
18
110
0105500005.pcx
1055
5
18
113
0105500006.pcx
1055
6
19
113
0105500007.pcx
1055
7
19
112
0110000000.pcx
1100
0
14
103
0110000001.pcx
1100
1
14
103
0110000002.pcx
1100
2
12
102
0110000003.pcx
1100
3
11
102
0110000004.pcx
1100
4
10
104
0110000005.pcx
1100
5
7
139
0110000006.pcx
1100
6
7
132
0110000007.pcx
1100
7
7
132
0110000008.pcx
1100
8
7
128
0110000009.pcx
1100
9
8
113
0121000000.pcx
1210
0
20
106
0121000001.pcx
1210
1
21
107
0121000002.pcx
1210
2
18
105
0121000003.pcx
1210
3
15
104
0121000004.pcx
1210
4
13
93
0121000005.pcx
1210
5
15
93
0121000006.pcx
1210
6
18
95
